.Random.seed <-
c(403L, 10L, 916627881L, -337964965L, 143083626L, -1995904756L, 
1811030863L, -958529531L, 137256636L, 973076370L, -458185587L, 
-1761606969L, -1397689426L, 1821453832L, -1094254069L, -117583127L, 
938335672L, 1795824230L, 470771457L, 1857180051L, -1135089086L, 
1227718132L, 505858039L, -580862995L, 835392644L, 580389546L, 
-1850023915L, -2121987921L, -681638218L, -1974610720L, -529860573L, 
-1884919999L, 1965951536L, -732227506L, 1113999545L, -2004648757L, 
551043450L, -1149076356L, 764344511L, 1871531413L, -2103636564L, 
-134985854L, 1550175581L, 978076759L, -269098178L, -558298248L, 
-943708069L, -62885959L, -452547064L, -1337918282L, -1089049615L, 
-647260637L, -2097133966L, 1259707588L, 515201671L, -1470508451L, 
-867904428L, 958840442L, 897695173L, 262323999L, 85748390L, 645975088L, 
-1523945773L, 1535905009L, -1961801696L, -1306251586L, -595572023L, 
1474674811L, 820411978L, 1543072428L, -1746510417L, 1728785765L, 
-1105282276L, 258645874L, -518065171L, 717435943L, 369830990L, 
1106792616L, -1004945749L, -1763599415L, -862914600L, 172793478L, 
191424353L, -1127097613L, 135447906L, -989178924L, -160409897L, 
845356237L, -339870620L, 382440010L, -839698507L, 1652902671L, 
-1748748266L, 339559104L, -1945135997L, 703004833L, -1139169648L, 
-1471744658L, 879944473L, -1504581717L, -1162918502L, -2130321060L, 
2004449375L, -946415563L, 570104780L, 1210765090L, -294186627L, 
-210085257L, -1375108194L, -1931406760L, -1698391109L, -231183015L, 
1914103528L, 1300109078L, 857569425L, 1233605955L, -1084682158L, 
177574628L, -412285657L, -268255875L, 24417396L, -1034256806L, 
-87528795L, -1252847425L, 60027718L, 1789796816L, 337167347L, 
1195170577L, -1798288576L, -1171213538L, 782810089L, -1493184229L, 
726616874L, -1215443892L, 1846445071L, 1888038725L, 1140246780L, 
357971794L, 1194358989L, 1513236615L, -754173074L, 555298120L, 
1126447435L, 1613687977L, -2002498056L, -2002184922L, 1929332289L, 
375771091L, 1851868546L, 882731444L, -1360972489L, 2043084845L, 
-91927228L, 1056000618L, 1352819925L, -1331047825L, 546223990L, 
-21489504L, 1406423395L, 1774780929L, 671879536L, 1842016526L, 
-1616239751L, -1808798965L, -690023366L, -236096708L, -439310209L, 
146394069L, -137189908L, -1780537534L, -334985059L, 1869009175L, 
2142423166L, -131932104L, -825059557L, 1662489721L, -831079224L, 
1929366774L, -545575631L, 1013583203L, 1926352690L, 138913924L, 
1334203591L, -1728129123L, -795753708L, 1704800698L, -1920579579L, 
1471749599L, 693850214L, 1779326960L, 33290515L, -561084751L, 
-926928544L, 1730946814L, -289029495L, 712859067L, -425801846L, 
-569192852L, -1895247889L, -438220763L, 2108090588L, -1939616078L, 
-1929584211L, -1191787161L, 994792078L, -2009253016L, 19596139L, 
-1980572407L, 362754968L, 304054982L, -286259167L, 175086771L, 
-1693966814L, -113344492L, -1942838121L, 1504349837L, 1054654372L, 
-1296563830L, -482877963L, -1021251505L, 206227286L, 1751481856L, 
-1482576061L, -1268242719L, -570170288L, -515740498L, -1169893287L, 
-1297491861L, 967261658L, -879897892L, -676673454L, -1767601024L, 
-1344229548L, -1961861144L, -1623303430L, -379568304L, 58151980L, 
247583092L, -1146333550L, 790927968L, 857741452L, 1895754080L, 
-1759590174L, -1780743000L, 706928332L, -2125739524L, 36451250L, 
44964848L, 1960577476L, -698479272L, -86312582L, -1596171856L, 
1039581628L, 531426900L, -1871824446L, 840018720L, -1163494468L, 
714952784L, -1617796126L, -828356760L, -354713780L, -1570672900L, 
-1707569422L, -2016006912L, -623188876L, -1087083000L, 1065999802L, 
1153263056L, -1465053204L, -285742188L, 1613992146L, 2085731424L, 
-627059380L, 877923104L, -1698268542L, 27517416L, -909384724L, 
1648850492L, -272130446L, 376910704L, 1311681828L, -462243272L, 
-1407118950L, 1864402384L, 1222321596L, -397556076L, 1423508098L, 
-733997632L, 1823510332L, 591106704L, 659474210L, 170923528L, 
-611695860L, 1819876252L, 1465246738L, -895372416L, 384805652L, 
707368232L, 708538426L, 1187091408L, 723245676L, 1279433780L, 
1016289426L, -1348296352L, 248319308L, 477482464L, -1445842014L, 
835586984L, 233000076L, -182459460L, -1380443022L, -967575568L, 
-1497197500L, 1308817496L, 315080762L, 1384198256L, 1742886460L, 
1427756820L, 843721410L, 286864096L, 1191111804L, 1883856080L, 
2103782306L, 377458216L, -1913505524L, -1041172548L, -7632590L, 
428253376L, -1836375500L, -1026094392L, -63366470L, -1008950128L, 
1607882476L, 362495572L, -1638906222L, 1544877856L, -1825986612L, 
1498005728L, -946880830L, -2037382104L, 171756460L, -126879044L, 
988072434L, 1950078512L, 345221028L, 1854493112L, -913820838L, 
-215026544L, -1270531204L, 292787988L, -190771902L, -486564096L, 
1312805820L, -1450512560L, 1090713890L, 1147667016L, -2096156660L, 
-1556753316L, -1858534958L, -505438720L, -475967148L, -3526424L, 
1531416826L, -1896528176L, 191983916L, -1262677772L, 1747635602L, 
1285687648L, 1809172492L, -388988192L, 200309346L, 1411314344L, 
-514250164L, -1544364164L, 1329612082L, -493398416L, 448926532L, 
21637080L, 196269946L, 405677616L, 1325094844L, -791079340L, 
-1270472638L, -1407700832L, -247523652L, -769304112L, 252425058L, 
-1354124568L, 1831887052L, 1433207292L, -298933774L, 1090980480L, 
-1783546380L, 543893128L, 1533058874L, 1838297936L, -457020308L, 
1769255316L, 1364071506L, -78315040L, -485552948L, 1377371296L, 
1248093570L, 1348700392L, 1167865580L, 1856963900L, 2035391602L, 
-1543800720L, 218574884L, -2087404488L, -867406054L, 379251920L, 
1099661116L, 47273876L, 577618818L, -1186059840L, 864116284L, 
-460028528L, -1370137054L, 1935041800L, 1220402828L, 1312739100L, 
1818787986L, 661674368L, -778365420L, 1607995176L, -168113606L, 
-1452302896L, -1385600660L, 840491956L, -2003601390L, -1949350432L, 
-1712654388L, -1812692768L, -1783547870L, -1229246168L, 1599442444L, 
71616316L, 173945842L, 519047920L, -1339355580L, 2046235224L, 
1445445434L, -157674000L, -1613244740L, 495745300L, -175369534L, 
-415374240L, 1458615164L, 2018101200L, -247615198L, 1896430248L, 
-319562868L, 1475479740L, -180789454L, -1940166080L, -1666389772L, 
1628824197L, -196752433L, 1354498760L, -552926362L, 1545386387L, 
-994315531L, -362419502L, 1802982688L, 512810249L, 2000611899L, 
-15515764L, 800103962L, 1266067087L, -850402855L, -441706898L, 
-687761924L, -1491914899L, 2063554839L, -1853098784L, -350438722L, 
175880331L, -815814899L, -1683888326L, 791388024L, 654726433L, 
418006483L, 1182622964L, 1352179074L, 1232185367L, -1587736863L, 
667621414L, -789635804L, 1761379797L, -207582849L, 772372504L, 
-112261322L, -119012925L, 1697353733L, 932582306L, -314441840L, 
-1293083847L, 1787965419L, 2133938396L, 55128330L, 457932799L, 
1666044489L, 339531742L, 1561098124L, 152659805L, 473816935L, 
-1355471728L, -20428114L, 598337371L, 558282557L, -91601494L, 
-1090377144L, -1422759311L, -1696936989L, -1730767132L, 167882258L, 
-1955497497L, 1020802481L, 669840374L, 1665441300L, -674332379L, 
-1719260625L, -1126830104L, 1618958534L, -824820365L, 2053285333L, 
-1134106190L, 1115744128L, -2010981527L, -1750470693L, -1794296020L, 
1746377018L, 893224943L, 1208128121L, -1835256562L, -1180918564L, 
1184133965L, -1600791881L, 898627648L, 755398942L, -843226133L, 
1440632685L, -18831910L, 96638872L, -1993910783L, 1407670195L, 
-1445394732L, 364011490L, -2010086793L, 1336056769L, 317385030L, 
-781543292L, 1946934837L, 717653535L, 951378296L, -2062647210L, 
2062396643L, -1244648795L, -1079675070L, 173835568L, 1434572121L, 
1571378891L, 1843367740L, 360712042L, 449299871L, -1154802647L, 
-734052674L, -2077216852L, -1468852995L, 1630851143L, -347590864L, 
667039822L, 1060885627L, -1487595555L, 2017551882L, 1617361704L, 
2102068625L, -1576199293L, -1069113212L, -1182871886L, -2095853049L, 
402661969L, 1931246038L, -215685964L, 638992581L, -1898720753L, 
1651329672L, -1025134682L, -1949784237L, -1003767627L, -677898734L, 
-250821664L, -1693419959L, 1392804987L, -1468455604L, -483454758L, 
